             precision    recall  f1-score   support

          0       0.16      0.21      0.18        14
          1       0.07      0.07      0.07        14
          2       0.23      0.19      0.21        31
          3       0.19      0.31      0.23        42
          4       0.31      0.30      0.31        30
          5       0.10      0.04      0.06        25
          6       0.00      0.00      0.00         7
          7       0.00      0.00      0.00        18
          8       0.14      0.17      0.15        18
          9       0.05      0.11      0.07         9
         10       0.09      0.11      0.10        19
         11       0.00      0.00      0.00        10
         12       0.17      0.17      0.17        18
         13       0.17      0.27      0.21        22
         14       0.31      0.33      0.32        52
         15       0.07      0.12      0.09         8
         16       0.19      0.19      0.19        26
         17       0.05      0.11      0.07         9
         18       0.14      0.21      0.17        29
         19       0.15      0.22      0.18        18

avg / total       0.17      0.20      0.18       419
