             precision    recall  f1-score   support

          0       0.18      0.72      0.28       507
          1       0.18      0.71      0.29       509
          2       0.26      0.80      0.39       702
          3       0.36      0.75      0.49      1079
          4       0.31      0.78      0.44       803
          5       0.16      0.76      0.26       355
          6       0.07      0.49      0.13       133
          7       0.17      0.81      0.28       441
          8       0.18      0.71      0.29       537
          9       0.18      0.82      0.29       372
         10       0.20      0.73      0.31       483
         11       0.12      0.74      0.20       269
         12       0.17      0.87      0.29       392
         13       0.43      0.85      0.57       977
         14       0.48      0.60      0.54      1558
         15       0.10      0.84      0.18       207
         16       0.20      0.78      0.32       501
         17       0.10      0.68      0.17       228
         18       0.36      0.75      0.49      1050
         19       0.19      0.81      0.30       478

avg / total       0.28      0.75      0.39     11581
