             precision    recall  f1-score   support

          0       0.07      0.11      0.09         9
          1       0.00      0.00      0.00        10
          2       0.25      0.16      0.20        25
          3       0.23      0.32      0.26        28
          4       0.24      0.44      0.31        18
          5       0.11      0.06      0.08        16
          6       0.00      0.00      0.00         3
          7       0.25      0.14      0.18        14
          8       0.00      0.00      0.00         9
          9       0.00      0.00      0.00         6
         10       0.10      0.21      0.14        14
         11       0.00      0.00      0.00         7
         12       0.20      0.12      0.15        16
         13       0.14      0.25      0.18        16
         14       0.34      0.38      0.36        32
         15       0.00      0.00      0.00         6
         16       0.26      0.42      0.32        19
         17       0.00      0.00      0.00         6
         18       0.10      0.12      0.11        16
         19       0.14      0.25      0.18        12

avg / total       0.17      0.21      0.18       282
