             precision    recall  f1-score   support

          0       0.00      0.00      0.00        14
          1       0.00      0.00      0.00        14
          2       0.00      0.00      0.00        31
          3       0.00      0.00      0.00        42
          4       0.00      0.00      0.00        30
          5       0.00      0.00      0.00        25
          6       0.00      0.00      0.00         7
          7       0.00      0.00      0.00        18
          8       0.00      0.00      0.00        18
          9       0.00      0.00      0.00         9
         10       0.00      0.00      0.00        19
         11       0.00      0.00      0.00        10
         12       0.00      0.00      0.00        18
         13       0.00      0.00      0.00        22
         14       0.00      0.00      0.00        52
         15       0.00      0.00      0.00         8
         16       0.00      0.00      0.00        26
         17       0.00      0.00      0.00         9
         18       0.00      0.00      0.00        29
         19       0.00      0.00      0.00        18

avg / total       0.00      0.00      0.00       419
